Threshold,	Accuracy Rate,		Type I Error,		Type II Error
0.0,		0.10235294117647059,	0.8976470588235295,	0.0
0.01,		0.10235294117647059,	0.8976470588235295,	0.0
0.02,		0.10235294117647059,	0.8976470588235295,	0.0
0.03,		0.10235294117647059,	0.8976470588235295,	0.0
0.04,		0.10235294117647059,	0.8976470588235295,	0.0
0.05,		0.10352941176470588,	0.8964705882352941,	0.0
0.06,		0.10352941176470588,	0.8964705882352941,	0.0
0.07,		0.10588235294117647,	0.8941176470588236,	0.0
0.08,		0.10705882352941176,	0.8929411764705882,	0.0
0.09,		0.10705882352941176,	0.8929411764705882,	0.0
0.1,		0.10823529411764705,	0.8917647058823529,	0.0
0.11,		0.10941176470588235,	0.8905882352941177,	0.0
0.12,		0.10941176470588235,	0.8905882352941177,	0.0
0.13,		0.10941176470588235,	0.8905882352941177,	0.0
0.14,		0.11058823529411765,	0.8894117647058823,	0.0
0.15,		0.11176470588235295,	0.888235294117647,	0.0
0.16,		0.11294117647058824,	0.8870588235294118,	0.0
0.17,		0.11529411764705882,	0.8847058823529412,	0.0
0.18,		0.1188235294117647,	0.8811764705882353,	0.0
0.19,		0.12,	0.88,	0.0
0.2,		0.12470588235294118,	0.8752941176470588,	0.0
0.21,		0.13176470588235295,	0.8682352941176471,	0.0
0.22,		0.1423529411764706,	0.8576470588235294,	0.0
0.23,		0.14588235294117646,	0.8541176470588235,	0.0
0.24,		0.14823529411764705,	0.851764705882353,	0.0
0.25,		0.15529411764705883,	0.8447058823529412,	0.0
0.26,		0.16,	0.84,	0.0
0.27,		0.17058823529411765,	0.8294117647058824,	0.0
0.28,		0.17882352941176471,	0.8211764705882353,	0.0
0.29,		0.18470588235294116,	0.8152941176470588,	0.0
0.3,		0.1952941176470588,	0.8047058823529412,	0.0
0.31,		0.20941176470588235,	0.7905882352941176,	0.0
0.32,		0.23411764705882354,	0.7658823529411765,	0.0
0.33,		0.2411764705882353,	0.7588235294117647,	0.0
0.34,		0.25176470588235295,	0.7482352941176471,	0.0
0.35,		0.2635294117647059,	0.7364705882352941,	0.0
0.36,		0.2788235294117647,	0.7211764705882353,	0.0
0.37,		0.29764705882352943,	0.7023529411764706,	0.0
0.38,		0.30470588235294116,	0.6952941176470588,	0.0
0.39,		0.32,	0.68,	0.0
0.4,		0.33176470588235296,	0.668235294117647,	0.0
0.41,		0.34352941176470586,	0.6564705882352941,	0.0
0.42,		0.3564705882352941,	0.6435294117647059,	0.0
0.43,		0.37176470588235294,	0.6282352941176471,	0.0
0.44,		0.38823529411764707,	0.611764705882353,	0.0
0.45,		0.40705882352941175,	0.5929411764705882,	0.0
0.46,		0.42470588235294116,	0.5741176470588235,	0.001176470588235294
0.47,		0.4423529411764706,	0.5564705882352942,	0.001176470588235294
0.48,		0.4576470588235294,	0.54,	0.002352941176470588
0.49,		0.47058823529411764,	0.5270588235294118,	0.002352941176470588
0.5,		0.49058823529411766,	0.5070588235294118,	0.002352941176470588
0.51,		0.5164705882352941,	0.48,	0.0035294117647058825
0.52,		0.5529411764705883,	0.4435294117647059,	0.0035294117647058825
0.53,		0.5694117647058824,	0.4258823529411765,	0.004705882352941176
0.54,		0.5882352941176471,	0.40705882352941175,	0.004705882352941176
0.55,		0.611764705882353,	0.3835294117647059,	0.004705882352941176
0.56,		0.6341176470588236,	0.3611764705882353,	0.004705882352941176
0.57,		0.6564705882352941,	0.33647058823529413,	0.007058823529411765
0.58,		0.6952941176470588,	0.2964705882352941,	0.00823529411764706
0.59,		0.7176470588235294,	0.2741176470588235,	0.00823529411764706
0.6,		0.7352941176470589,	0.2564705882352941,	0.00823529411764706
0.61,		0.7564705882352941,	0.23529411764705882,	0.00823529411764706
0.62,		0.7729411764705882,	0.2188235294117647,	0.00823529411764706
0.63,		0.7917647058823529,	0.2,	0.00823529411764706
0.64,		0.8117647058823529,	0.1776470588235294,	0.010588235294117647
0.65,		0.8223529411764706,	0.16705882352941176,	0.010588235294117647
0.66,		0.8364705882352941,	0.15294117647058825,	0.010588235294117647
0.67,		0.851764705882353,	0.1376470588235294,	0.010588235294117647
0.68,		0.8658823529411764,	0.12117647058823529,	0.012941176470588235
0.69,		0.8811764705882353,	0.10588235294117647,	0.012941176470588235
0.7,		0.8917647058823529,	0.09294117647058824,	0.015294117647058824
0.71,		0.9023529411764706,	0.08235294117647059,	0.015294117647058824
0.72,		0.9164705882352941,	0.06705882352941177,	0.01647058823529412
0.73,		0.9247058823529412,	0.05529411764705883,	0.02
0.74,		0.9270588235294117,	0.05058823529411765,	0.02235294117647059
0.75,		0.9329411764705883,	0.04470588235294118,	0.02235294117647059
0.76,		0.9388235294117647,	0.03764705882352941,	0.023529411764705882
0.77,		0.9411764705882353,	0.03294117647058824,	0.02588235294117647
0.78,		0.9447058823529412,	0.027058823529411764,	0.02823529411764706
0.79,		0.9411764705882353,	0.027058823529411764,	0.03176470588235294
0.8,		0.9423529411764706,	0.024705882352941175,	0.03294117647058824
0.81,		0.9423529411764706,	0.02,	0.03764705882352941
0.82,		0.94,	0.015294117647058824,	0.04470588235294118
0.83,		0.9388235294117647,	0.015294117647058824,	0.04588235294117647
0.84,		0.9341176470588235,	0.012941176470588235,	0.052941176470588235
0.85,		0.9294117647058824,	0.00823529411764706,	0.06235294117647059
0.86,		0.9294117647058824,	0.007058823529411765,	0.06352941176470588
0.87,		0.9270588235294117,	0.007058823529411765,	0.06588235294117648
0.88,		0.9235294117647059,	0.0058823529411764705,	0.07058823529411765
0.89,		0.9152941176470588,	0.004705882352941176,	0.08
0.9,		0.9105882352941177,	0.0035294117647058825,	0.08588235294117647
0.91,		0.9070588235294118,	0.002352941176470588,	0.09058823529411765
0.92,		0.9058823529411765,	0.001176470588235294,	0.09294117647058824
0.93,		0.9035294117647059,	0.0,	0.09647058823529411
0.94,		0.9011764705882352,	0.0,	0.0988235294117647
0.95,		0.9,	0.0,	0.1
0.96,		0.8976470588235295,	0.0,	0.10235294117647059
0.97,		0.8976470588235295,	0.0,	0.10235294117647059
0.98,		0.8976470588235295,	0.0,	0.10235294117647059
0.99,		0.8976470588235295,	0.0,	0.10235294117647059
1.0,		0.8976470588235295,	0.0,	0.10235294117647059
